BEACONC
1 01328C 65032A   19293.98750000 -.00000042  00000-0 -64869-4 0  2935
2 01328  41.1870 337.6351 0258721 259.6745 197.2878 13.38610600    19
STARLETTE
1 07646C 75010A   19293.98750000  .00000037  00000-0  29225-4 0  2930
2 07646  49.8250 340.5805 0205759 311.8061  56.1369 13.82306299    10
LAGEOS1
1 08820C 76039A   19293.97916667  .00000000  00000-0  00000-0 0  2935
2 08820 109.8567  66.5554 0044052 102.4666 217.5350  6.38664883    13
AJISAI
1 16908C 86061A   19293.98611111 -.00000012  00000-0 -81138-4 0  2934
2 16908  50.0101  63.0875 0011545 112.2438   5.6573 12.44490672    15
ETALON1
1 19751C 89001C   19294.00000000 -.00000000  00000-0  00000-0 0  2945
2 19751  64.1650 155.7116 0022272 210.3010  35.2687  2.13156085    18
ETALON2
1 20026C 89039C   19294.00000000 -.00000000  00000-0  00000-0 0  2943
2 20026  65.4152  33.3106 0018096 221.9603 131.5627  2.13204066    18
LAGEOS2
1 22195C 92070B   19293.97916667 -.00000000  00000-0  00000-0 0  2930
2 22195  52.6791   3.1552 0138364 204.0579 241.3818  6.47293767    18
STELLA
1 22824C 93061B   19293.98750000 -.00000020  00000-0 -80035-5 0  2932
2 22824  98.9378 274.1312 0007458  85.8338  78.3252 14.27378622    13
ENVISAT
1 27386C 02009A   19294.00000000  .00000089  00000-0  29518-4 0  2946
2 27386  98.1449 308.6402 0001230 104.7137 239.7841 14.37959989    14
LARETS
1 27944C 03042F   19293.98750000  .00000008  00000-0  15919-5 0  2933
2 27944  98.0913  58.5041 0013773  89.6368 188.8044 14.63184692    10
TERRASARX
1 31698C 07026A   19294.99979167  .00000671  00000-0  32039-4 0  2947
2 31698  97.4473 300.4490 0001623  94.2487   4.3949 15.19148428    12
GLONASS106
1 32275C 07052A   19294.99979167 -.00000000  00000-0  00000-0 0  2944
2 32275  65.9010  36.9062 0003984 225.9490  61.2020  2.13104204    12
GLONASS105
1 32276C 07052B   19294.99979167 -.00000000  00000-0  00000-0 0  2945
2 32276  65.9132  36.9913 0008898 323.3697 274.5677  2.13103359    11
GLONASS107
1 32393C 07065A   19294.99979167  .00000000  00000-0  00000-0 0  2948
2 32393  64.6701 274.6371 0001324 148.6893  25.8753  2.13102821    16
GLONASS116
1 36111C 09070A   19294.99979167 -.00000000  00000-0  00000-0 0  2949
2 36111  64.2061 154.2888 0003013 346.8851   0.9543  2.13102698    15
COMPASSG1
1 36287C 10001A   19294.00000000 -.00000189  00000-0  00000-0 0  2940
2 36287   1.3685   7.6283 0003962 162.1524 359.4541  1.00272825    17
GLONASS119
1 36400C 10007A   19294.99979167 -.00000000  00000-0  00000-0 0  2942
2 36400  65.8061  35.9077 0023856 349.1799 152.9376  2.13101719    17
GLONASS121
1 36401C 10007B   19294.99979167 -.00000000  00000-0  00000-0 0  2943
2 36401  65.7989  35.8787 0006072  81.6443 330.9926  2.13101613    10
GLONASS120
1 36402C 10007C   19294.99979167 -.00000000  00000-0  00000-0 0  2944
2 36402  65.7891  35.8407 0001969 185.4600 266.7735  2.13101089    11
CRYOSAT2
1 36508C 10013A   19295.00000000 -.00000039  00000-0 -96583-5 0  2952
2 36508  92.0323  49.6637 0005100 318.9283 317.1536 14.52174203    14
TANDEMX
1 36605C 10030A   19295.04145833  .00000341  00000-0  16262-4 0  2956
2 36605  97.4469 300.4931 0002000  96.9160 229.4533 15.19149573    18
GLONASS122
1 37139C 10041C   19294.99979167  .00000000  00000-0  00000-0 0  2949
2 37139  64.2707 274.1961 0024815   5.7322  34.1891  2.13100483    19
QZS1
1 37158C 10045A   19293.00000000 -.00000143  00000-0  00000-0 0  2934
2 37158  41.4197 147.0227 0747283 270.3203 109.4367  1.00283048    10
GLONASS125
1 37372C 11009A   19294.99979167 -.00000000  00000-0  00000-0 0  2944
2 37372  65.7862  35.7830 0009920 223.8677  22.9783  2.13107312    11
COMPASSI3
1 37384C 11013A   19294.00000000 -.00000143  00000-0  00000-0 0  2943
2 37384  58.9455  64.0589 0045953 202.5069 242.6959  1.00273040    10
HY2A
1 37781C 11043A   19295.00000000 -.00000109  00000-0 -10738-3 0  2954
2 37781  99.3205 301.8093 0000314 145.2291 294.4597 13.78718585    16
GALILEO101
1 37846C 11060A   19294.99979167 -.00000000  00000-0  00000-0 0  2947
2 37846  56.4700  47.8826 0001170 322.6711 266.7935  1.70475206    19
GALILEO102
1 37847C 11060B   19294.99979167 -.00000000  00000-0  00000-0 0  2948
2 37847  56.4708  47.8819 0003007 291.4653 344.0309  1.70475235    16
GLONASS128
1 37867C 11064A   19294.99979167 -.00000000  00000-0  00000-0 0  2944
2 37867  64.5071 155.2627 0017489 235.1117  14.7300  2.13101619    13
GLONASS129
1 37868C 11064B   19294.99979167 -.00000000  00000-0  00000-0 0  2945
2 37868  64.5153 155.3165 0015092 235.7928 192.6777  2.13101592    11
GLONASS127
1 37869C 11064C   19294.99979167 -.00000000  00000-0  00000-0 0  2946
2 37869  64.5227 155.3157 0018757 261.9889 123.7025  2.13101866    18
COMPASSI5
1 37948C 11073A   19294.00000000 -.00000105  00000-0  00000-0 0  2943
2 37948  51.9635 300.7483 0064124 213.3053 330.3272  1.00267176    12
LARES
1 38077C 12006A   19294.99998843  .00000049  00000-0  30053-3 0  2943
2 38077  69.3946 123.5050 0009029 192.1658 126.2229 12.54928572    12
COMPASSM3
1 38250C 12018A   19294.00000000 -.00000000  00000-0  00000-0 0  2944
2 38250  56.6723  25.6339 0023921 235.6392 209.1340  1.86232427    19
GALILEO103
1 38857C 12055A   19294.99979167 -.00000000  00000-0  00000-0 0  2945
2 38857  54.9427 168.3765 0001580 270.1006 293.4505  1.70473525    13
GALILEO104
1 38858C 12055B   19294.99979167 -.00000000  00000-0  00000-0 0  2946
2 38858  54.9434 168.3757 0000649 315.6773 288.2132  1.70473502    17
GLONASS131
1 39155C 13019A   19294.99979167 -.00000000  00000-0  00000-0 0  2948
2 39155  64.6755 155.4795 0018118 230.1467  64.3835  2.13101678    15
KOMPSAT5
1 39227C 13042A   19295.00000000  .00000188  00000-0  13452-4 0  2954
2 39227  97.6188 117.4318 0001606  94.5961 195.6497 15.04507605    11
SWARMB
1 39451C 13067A   19295.00000000 -.00000124  00000-0 -55286-5 0  2954
2 39451  87.7549 351.6018 0003759  82.9883 145.5882 15.21622739    12
SWARMA
1 39452C 13067B   19295.00000000  .00000977  00000-0  21456-4 0  2950
2 39452  87.3595 217.6880 0002619 105.7639 116.8527 15.44094137    12
SWARMC
1 39453C 13067C   19295.00000000  .00001011  00000-0  22203-4 0  2952
2 39453  87.3525 219.1233 0002614 105.4596 117.5610 15.44097433    12
GLONASS132
1 39620C 14012A   19294.99979167 -.00000000  00000-0  00000-0 0  2949
2 39620  65.6789  35.6571 0012254 320.2640   9.3485  2.13103043    18
GLONASS133
1 40001C 14032A   19294.99979167 -.00000000  00000-0  00000-0 0  2946
2 40001  65.6198  35.5902 0008123 201.6639 349.0767  2.13102220    17
GALILEO201
1 40128C 14050A   19294.99979167 -.00000000  00000-0  00000-0 0  2946
2 40128  50.5788  10.9308 1664622  91.6731 232.2297  1.85519163    12
GALILEO202
1 40129C 14050B   19294.99979167 -.00000000  00000-0  00000-0 0  2947
2 40129  50.6202   9.9585 1663340  92.5172  54.6452  1.85519749    14
GLONASS134
1 40315C 14075A   19294.99979167  .00000000  00000-0  00000-0 0  2940
2 40315  63.9904 275.2304 0017270 212.5900 135.0648  2.13098341    14
GALILEO203
1 40544C 15017A   19294.99979167 -.00000000  00000-0  00000-0 0  2942
2 40544  56.2622  48.0501 0004125 227.7765 136.5935  1.70474885    15
GALILEO204
1 40545C 15017B   19294.99979167 -.00000000  00000-0  00000-0 0  2943
2 40545  56.2687  48.0648 0003326 189.8911 308.4723  1.70475085    10
GALILEO205
1 40889C 15045A   19294.99979167  .00000000  00000-0  00000-0 0  2944
2 40889  56.3461 288.6870 0003210 331.5754  17.5147  1.70474470    19
GALILEO206
1 40890C 15045B   19294.99979167  .00000000  00000-0  00000-0 0  2946
2 40890  56.3452 288.6836 0002552 298.7645 275.5172  1.70474494    14
GALILEO209
1 41174C 15079A   19294.99979167 -.00000000  00000-0  00000-0 0  2940
2 41174  54.9570 168.0722 0003840 330.0195 138.6798  1.70472786    16
GALILEO208
1 41175C 15079B   19294.99979167 -.00000000  00000-0  00000-0 0  2941
2 41175  54.9553 168.0720 0003100 336.9807 356.8226  1.70472778    11
JASON3
1 41240C 16002A   19290.00000000 -.00000049  00000-0 -21248-3 0  2900
2 41240  66.0394 152.8923 0007641 269.2752 206.1831 12.80930851    11
GLONASS135
1 41330C 16008A   19294.99979167 -.00000000  00000-0  00000-0 0  2947
2 41330  65.4222  35.5217 0011551 210.7877 161.8981  2.13102700    13
COMPASSI6B
1 41434C 16021A   19294.00000000 -.00000096  00000-0  00000-0 0  2945
2 41434  56.7054  63.0936 0038196 200.4841 221.0242  1.00265042    12
GALILEO211
1 41549C 16030A   19294.99979167  .00000000  00000-0  00000-0 0  2943
2 41549  56.4868 288.5154 0004529 286.7861 332.1640  1.70474240    12
GALILEO210
1 41550C 16030B   19294.99979167  .00000000  00000-0  00000-0 0  2945
2 41550  56.4864 288.5171 0004662 263.2491 175.8664  1.70474262    18
GLONASS136
1 41554C 16032A   19294.99979167  .00000000  00000-0  00000-0 0  2941
2 41554  64.2130 275.2331 0014420 225.3141  37.9631  2.13101575    14
GEOIK2
1 41579C 16034A   19294.00000000  .00000018  00000-0  15786-4 0  2943
2 41579  99.2573 304.5129 0000630 131.0107 141.6863 13.85899536    16
GALILEO207
1 41859C 16069A   19294.99979167 -.00000000  00000-0  00000-0 0  2940
2 41859  54.6150 168.4949 0003266 316.1245 332.7032  1.70472708    17
GALILEO212
1 41860C 16069B   19294.99979167 -.00000000  00000-0  00000-0 0  2942
2 41860  54.6125 168.4943 0003130 348.3046  30.4785  1.70472699    17
GALILEO213
1 41861C 16069C   19294.99979167 -.00000000  00000-0  00000-0 0  2943
2 41861  54.6150 168.4977 0001917 288.5326 225.6360  1.70472871    19
GALILEO214
1 41862C 16069D   19294.99979167 -.00000000  00000-0  00000-0 0  2944
2 41862  54.6133 168.4935 0001391 310.1637 113.8123  1.70472743    11
QZS2
1 42738C 17028A   19293.00000000 -.00000142  00000-0  00000-0 0  2931
2 42738  43.4000 277.7908 0747793 270.5880 338.1146  1.00256826    11
TECHNOSAT
1 42829C 17042E   19295.00000000 -.00000157  00000-0 -15879-4 0  2953
2 42829  97.5462 182.5551 0014193   9.3262 122.5310 14.91014612    11
QZS3
1 42917C 17048A   19293.00000000 -.00000258  00000-0  00000-0 0  2930
2 42917   0.0489 202.7035 0002293  26.4877 286.0321  1.00275118    13
GLONASS137
1 42939C 17055A   19294.99979167  .00000000  00000-0  00000-0 0  2945
2 42939  64.4454 275.3433 0009845 250.9436 238.8445  2.13101826    17
QZS4
1 42965C 17062A   19293.00000000 -.00000141  00000-0  00000-0 0  2930
2 42965  40.7835  14.7925 0748547 270.1723 242.8707  1.00270336    13
BEIDOU3M2
1 43002C 17069B   19294.00000000 -.00000000  00000-0  00000-0 0  2946
2 43002  55.1389 144.3149 0007255 320.2999 206.9698  1.86231242    11
GALILEO215
1 43055C 17079A   19294.99979167  .00000000  00000-0  00000-0 0  2941
2 43055  56.4614 288.3630 0004035 257.7536 226.4051  1.70473394    11
GALILEO216
1 43056C 17079B   19294.99979167  .00000000  00000-0  00000-0 0  2942
2 43056  56.4617 288.3626 0005921 262.3504  42.0060  1.70473564    13
GALILEO217
1 43057C 17079C   19294.99979167  .00000000  00000-0  00000-0 0  2943
2 43057  56.4598 288.3636 0005335 270.3655 258.9750  1.70473498    18
GALILEO218
1 43058C 17079D   19294.99979167  .00000000  00000-0  00000-0 0  2944
2 43058  56.4600 288.3609 0006401 260.0307 134.2975  1.70473525    14
SNET4
1 43188C 18014J   19295.00000000 -.00000420  00000-0 -36799-4 0  2959
2 43188  97.7006 201.5778 0009946 311.8643 148.3820 14.96697662    12
SNET1
1 43189C 18014K   19295.00000000 -.00000402  00000-0 -35244-4 0  2954
2 43189  97.7002 201.5537 0009959 311.6549 146.7170 14.96697052    12
BEIDOU3M3
1 43208C 18018B   19294.00000000 -.00000000  00000-0  00000-0 0  2949
2 43208  55.0980 144.4316 0006240 309.4039  83.7115  1.86231409    19
PAZ
1 43215C 18020A   19295.00000000 -.00000549  00000-0 -26190-4 0  2953
2 43215  97.4469 300.2114 0001699  99.0982 102.4473 15.19154973    16
BEIDOU3M9
1 43245C 18029A   19294.00000000 -.00000000  00000-0  00000-0 0  2942
2 43245  55.2574  23.6454 0001604 231.8721  11.1449  1.86232438    15
BEIDOU3M10
1 43246C 18029B   19294.00000000 -.00000000  00000-0  00000-0 0  2943
2 43246  55.2537  23.6778 0003814 312.7229 335.9793  1.86232747    13
GRACEFO1
1 43476C 18047A   19294.99979167  .00000876  00000-0  36185-4 0  2942
2 43476  89.0005 169.9797 0020463  99.9325 113.7187 15.23919078    12
GRACEFO2
1 43477C 18047B   19294.99979167  .00000752  00000-0  31048-4 0  2949
2 43477  89.0005 169.9821 0020255  99.6309 112.5111 15.23919250    15
GLONASS138
1 43508C 18053A   19294.99979167 -.00000000  00000-0  00000-0 0  2948
2 43508  64.8403 155.2768 0005974 218.9347 302.3164  2.13102347    13
GALILEO221
1 43564C 18060A   19294.99979167 -.00000000  00000-0  00000-0 0  2948
2 43564  56.6522  47.6144 0004293 249.3843 205.3906  1.70475922    10
GALILEO222
1 43565C 18060B   19294.99979167 -.00000000  00000-0  00000-0 0  2949
2 43565  56.6544  47.6134 0003824 256.4303  63.3993  1.70475980    15
GALILEO219
1 43566C 18060C   19294.99979167 -.00000000  00000-0  00000-0 0  2940
2 43566  56.6549  47.6150 0003676 249.0571 295.7115  1.70475823    12
GALILEO220
1 43567C 18060D   19294.99979167 -.00000000  00000-0  00000-0 0  2941
2 43567  56.6546  47.6155 0003723 250.8328 159.0021  1.70475759    14
HY2B
1 43655C 18081A   19295.00000000 -.00000070  00000-0 -68012-4 0  2956
2 43655  99.3514 300.6814 0000883 161.0215  20.3618 13.79299309    16
GLONASS139
1 43687C 18086A   19294.99979167  .00000000  00000-0  00000-0 0  2941
2 43687  64.6582 275.3983 0012404 269.9290 175.5417  2.13101849    16
GLONASS140
1 44299C 19030A   19294.99979167  .00000000  00000-0  00000-0 0  2941
2 44299  64.7275 275.1935 0015326 285.7129 294.9312  2.13101753    18
ORBCOMM FM08
1 25112C 97084A   19294.87750949  .00000000  00000-0  00000-0 0  9993
2 25112  45.0154 121.4272 0007376 292.0805  67.9261 14.38981877143667
ORBCOMM FM10
1 25113C 97084B   19294.85737750  .00000000  00000-0  00000-0 0  9997
2 25113  45.0165 122.9089 0004837 262.9506  97.0792 14.38956970318679
ORBCOMM FM11
1 25114C 97084C   19294.85417631  .00000000  00000-0  00000-0 0  9991
2 25114  45.0150 122.1940 0005672 262.5195  97.5010 14.38923304143657
ORBCOMM FM12
1 25115C 97084D   19294.82869168  .00000000  00000-0  00000-0 0  9995
2 25115  45.0158 122.0632 0004607 265.2808  94.7514 14.38947178143463
ORBCOMM FM09
1 25116C 97084E   19294.83286746  .00000000  00000-0  00000-0 0  9992
2 25116  45.0162 122.6043 0005805 247.7200 112.3034 14.38957455143657
ORBCOMM FM05
1 25117C 97084F   19294.87307227  .00000000  00000-0  00000-0 0  9995
2 25117  45.0158 122.5969 0001891 300.6712  59.3950 14.38935978142749
ORBCOMM FM06
1 25118C 97084G   19294.87945970  .00000000  00000-0  00000-0 0  9999
2 25118  45.0156 122.3464 0001741 307.9455 149.1926 14.38969662143664
ORBCOMM FM07
1 25119C 97084H   19294.88460580  .00000000  00000-0  00000-0 0  9990
2 25119  45.0150 122.5299 0002874 272.0285  88.0235 14.38941915143663
ORBCOMM FM04
1 25159C 98007C   19294.84311477  .00000000  00000-0  00000-0 0  9996
2 25159 107.9951 235.4114 0045741 236.9941 122.6796 14.29708283128784
ORBCOMM FM18
1 25414C 98046B   19294.86982805  .00000000  00000-0  00000-0 0  9994
2 25414  44.9950 191.2623 0005027  24.8031 335.3056 14.32917623107714
ORBCOMM FM19
1 25415C 98046C   19294.90804284  .00000000  00000-0  00000-0 0  9994
2 25415  44.9955 191.5455 0004114  12.9273  41.8877 14.32887019107713
ORBCOMM FM20
1 25416C 98046D   19294.83483371  .00000000  00000-0  00000-0 0  9997
2 25416  44.9953 192.1093 0001764 335.9011  24.1752 14.32880664107820
ORBCOMM FM16
1 25417C 98046E   19280.91222761  .00000000  00000-0  00000-0 0  9996
2 25417  44.9954 258.6201 0005293 322.3872  37.6603 14.33129214105715
ORBCOMM FM15
1 25418C 98046F   19294.84797828  .00000000  00000-0  00000-0 0  9995
2 25418  44.9984 193.9808 0003769  36.9945 359.8513 14.32919462107709
ORBCOMM FM14
1 25419C 98046G   19294.85717848  .00000000  00000-0  00000-0 0  9991
2 25419  44.9980 193.7275 0003095  16.7720  24.3508 14.32924914107707
ORBCOMM FM13
1 25420C 98046H   19294.89966788  .00000000  00000-0  00000-0 0  9996
2 25420  44.9986 194.5101 0005135  29.7374 330.3763 14.32783195106771
ORBCOMM FM21
1 25475C 98053A   19294.42574346  .00000000  00000-0  00000-0 0  9998
2 25475  45.0096 280.2845 0002411 289.8877  70.1710 14.32874060100715
ORBCOMM FM23
1 25477C 98053C   19294.41663682  .00000000  00000-0  00000-0 0  9991
2 25477  45.0098 281.5651 0002878 308.8060  51.2529 14.32743233101188
ORBCOMM FM27
1 25481C 98053G   19294.45962140  .00000000  00000-0  00000-0 0  9991
2 25481  45.0071 280.9103 0002114 262.5642  97.4964 14.32841556101164
ORBCOMM FM30
1 25980C 99065A   19294.86174337  .00000000  00000-0  00000-0 0  9997
2 25980  45.0325  93.4022 0006686 158.6268 201.4859 14.32815156 37990
ORBCOMM FM31
1 25981C 99065B   19294.85058293  .00000000  00000-0  00000-0 0  9999
2 25981  45.0239  88.5903 0004003 180.0277 180.0570 14.32809807 37626
ORBCOMM FM32
1 25982C 99065C   19294.87872198  .00000000  00000-0  00000-0 0  9990
2 25982  45.0177  91.4548 0006408 186.1230 173.9539 14.32044767 38446
ORBCOMM FM36
1 25984C 99065E   19294.84630849  .00000000  00000-0  00000-0 0  9994
2 25984  45.0375  96.6143 0003669  92.0300 268.0967 14.32776887 38047
ORBCOMM FM35
1 25985C 99065F   19294.87274406  .00000000  00000-0  00000-0 0  9991
2 25985  45.0404  97.9301 0003329 185.7363 174.3446 14.32848744 38338
ORBCOMM FM34
1 25986C 99065G   19294.82628485  .00000000  00000-0  00000-0 0  9997
2 25986  45.0399  97.8009 0004055 135.4195 224.6978 14.32774006 38550
ORBCOMM FM109
1 40086C 14040A   19294.95053198  .00000000  00000-0  00000-0 0 18431
2 40086  47.0049  10.7888 0003257 218.2212 141.8441 14.54763692271315
ORBCOMM FM107
1 40087C 14040B   19294.97310141  .00000000  00000-0  00000-0 0 18517
2 40087  47.0069  11.2459 0003200 225.8577 134.2044 14.54762114271317
ORBCOMM FM106
1 40088C 14040C   19294.61409607  .00000000  00000-0  00000-0 0 19000
2 40088  47.0633 340.8508 0020240 244.0874 115.7928 14.64338922280702
ORBCOMM FM104
1 40090C 14040E   19294.71660499  .00000000  00000-0  00000-0 0 18438
2 40090  47.0077  23.8908 0017957 162.8429 197.3065 14.53374538272882
ORBCOMM FM103
1 40091C 14040F   19294.99637204  .00000000  00000-0  00000-0 0 18695
2 40091  47.0072  11.4298 0003226 217.7303 142.3355 14.54764547271322
ORBCOMM FM114
1 41179C 15081A   19294.97653977  .00000000  00000-0  00000-0 0 24543
2 41179  47.0022 281.4339 0003695 266.0820  93.9642 14.54771115281062
ORBCOMM FM119
1 41180C 15081B   19294.86120607  .00000000  00000-0  00000-0 0 24485
2 41180  47.0011 191.2418 0002356 330.5296  29.5455 14.54757937281372
ORBCOMM FM105
1 41181C 15081C   19294.70323795  .00000000  00000-0  00000-0 0 18665
2 41181  47.0035  14.5261 0001042  85.7858 274.3141 14.43361325271715
ORBCOMM FM110
1 41182C 15081D   19294.95322832  .00000000  00000-0  00000-0 0 24650
2 41182  47.0009 281.1311 0000139 157.8174 202.2716 14.54773523281036
ORBCOMM FM118
1 41183C 15081E   19294.99926964  .00000000  00000-0  00000-0 0 24628
2 41183  47.0030 280.9124 0000303 216.5782 143.5081 14.54768402280201
ORBCOMM FM112
1 41184C 15081F   19294.97481222  .00000000  00000-0  00000-0 0 24585
2 41184  46.9977 190.2227 0002353 320.3830  39.6881 14.54760886282227
ORBCOMM FM113
1 41185C 15081G   19294.95148765  .00000000  00000-0  00000-0 0 24430
2 41185  47.0000 190.2770 0002297 332.2498  27.8263 14.54743189282274
ORBCOMM FM115
1 41186C 15081H   19294.99129903  .00000000  00000-0  00000-0 0 24382
2 41186  46.9992  96.1712 0000553 284.0835  75.9990 14.58573036282621
ORBCOMM FM108
1 41187C 15081J   19294.98357178  .00000000  00000-0  00000-0 0 14850
2 41187  47.0042 100.9126 0002357 223.2636 136.8063 14.54767583293281
ORBCOMM FM117
1 41188C 15081K   19294.94923394  .00000000  00000-0  00000-0 0 24385
2 41188  47.0002 100.5377 0003076 239.3048 120.7533 14.54766021282565
ORBCOMM FM116
1 41189C 15081L   19294.99852523  .00000000  00000-0  00000-0 0 24533
2 41189  47.0004 189.8963 0002416 321.2181  38.8530 14.54752144281404
INTELSAT 26
1 24732C 97007A   19290.00000000  .00000120  00000-0  00000-0 0  2909
2 24732   8.6985  44.4137 0002677 139.3469 263.6539  1.00277703    18
GALAXY 25
1 24812C 97026A   19290.00000000  .00000246  00000-0  00000-0 0  2908
2 24812   1.3492  92.2635 0003689 116.3082 209.5682  1.00272254    18
INTELSAT 5
1 24916C 97046A   19290.00000000  .00000186  00000-0  00000-0 0  2908
2 24916   5.2154  66.8268 0003061 161.9742  19.4354  1.00273496    16
INTELSAT 805
1 25371C 98037A   19290.00000000  .00000061  00000-0  00000-0 0  2907
2 25371   1.8818  89.5437 0003378 120.5399 344.2741  1.00272663    15
GALAXY 11
1 26038C 99071A   19287.00000000 -.00000073  00000-0  00000-0 0  2873
2 26038   0.6375  99.7683 0001441 160.1821  29.2398  1.00271178    14
INTELSAT 9
1 26451C 00043A   19290.00000000  .00000174  00000-0  00000-0 0  2902
2 26451   5.2021  67.0354 0004572 127.3134 246.1108  1.00074451    19
INTELSAT 12
1 26590C 00068A   19289.49329861  .00000104  00000-0  00000-0 0  2894
2 26590   2.3631  88.1984 0004144 141.5634  36.8242  1.00270818    17
INTELSAT 1R
1 26608C 00072A   19287.00000000 -.00000046  00000-0  00000-0 0  2879
2 26608   2.1277  88.1323 0001176 142.9978 308.2707  1.00271317    13
INTELSAT 10
1 26766C 01019A   19281.52315972  .00000217  00000-0  00000-0 0  2817
2 26766   3.3221  80.6253 0000623 145.8350  26.2531  1.00269591    14
INTELSAT 901
1 26824C 01024A   19290.00000000 -.00000123  00000-0  00000-0 0  2901
2 26824   1.3305  92.1269 0001413  88.9127 174.7178  1.00271563    10
INTELSAT 902
1 26900C 01039A   19290.00000000  .00000123  00000-0  00000-0 0  2901
2 26900   0.0562  89.2584 0001301 168.5462 189.4484  1.00271236    16
INTELSAT 904
1 27380C 02007A   19290.00000000 -.00000123  00000-0  00000-0 0  2901
2 27380   0.8812  95.5240 0002956 149.8609 110.3657  1.00271692    17
INTELSAT 903
1 27403C 02016A   19290.00000000 -.00000133  00000-0  00000-0 0  2908
2 27403   1.7142  90.5470 0001859  83.6383 179.5762  1.00272240    18
INTELSAT 905
1 27438C 02027A   19290.00000000 -.00000094  00000-0  00000-0 0  2904
2 27438   0.7007  96.5677 0002872 109.5675 154.6180  1.00273021    14
GALAXY 3C
1 27445C 02030A   19287.00000000 -.00000061  00000-0  00000-0 0  2872
2 27445   0.0285 279.2931 0001165  38.8865 329.0545  1.00271998    19
INTELSAT 906
1 27513C 02041A   19290.00000000  .00000108  00000-0  00000-0 0  2909
2 27513   0.0098 201.0189 0002480  14.6905 233.6710  1.00271745    17
INTELSAT 907
1 27683C 03007A   19290.00000000 -.00000112  00000-0  00000-0 0  2906
2 27683   0.0183 272.0821 0002823 307.4972 138.1669  1.00272349    12
GALAXY 12
1 27715C 03013B   19290.00000000  .00000149  00000-0  00000-0 0  2908
2 27715   0.9179  94.4327 0002508 129.2073  32.6037  1.00271274    14
GALAXY 23
1 27854C 03034A   19290.00000000  .00000014  00000-0  00000-0 0  2906
2 27854   0.0078 240.4168 0003261 334.5471  49.2788  1.00271967    19
GALAXY 13
1 27954C 03044A   19290.00000000  .00000063  00000-0  00000-0 0  2902
2 27954   0.0404  80.5754 0002302 101.1484  76.5289  1.00268863    14
INTELSAT 10-02
1 28358C 04022A   19283.69097222  .00000079  00000-0  00000-0 0  2836
2 28358   0.0271 243.4414 0002844 299.5004  83.8344  1.00270595    17
GALAXY 14
1 28790C 05030A   19290.00000000  .00000145  00000-0  00000-0 0  2909
2 28790   0.0554  62.0610 0002622 143.7274  54.4581  1.00271175    19
GALAXY 15
1 28884C 05041A   19290.00000000  .00000164  00000-0  00000-0 0  2906
2 28884   0.0043 248.3881 0001968 324.1712  39.6780  1.00274424    15
GALAXY 16
1 29236C 06023A   19290.00000000 -.00000040  00000-0  00000-0 0  2903
2 29236   0.0330  93.0693 0002825 114.6640  78.5221  1.00271665    13
GALAXY 17
1 31307C 07016B   19290.00000000 -.00000082  00000-0  00000-0 0  2904
2 31307   0.0488  67.3473 0003519 138.6219  88.2760  1.00270496    15
INTELSAT 11
1 32253C 07044B   19290.00000000 -.00000177  00000-0  00000-0 0  2901
2 32253   0.0056 254.2946 0001558 315.4612 132.5213  1.00271706    13
GALAXY 18
1 32951C 08024A   19287.76041667  .00000115  00000-0  00000-0 0  2875
2 32951   0.0211 261.5347 0003148 296.5519 335.7026  1.00270666    12
COSMOS 2425
1 29670C 06062A   19292.99979167 -.00000001  00000-0  00000-0 0  2926
2 29670  64.6594 275.4672 0012387 268.9732  82.1681  2.13101861    11
COSMOS 2426
1 29671C 06062B   19212.99979167 -.00000005  00000-0  00000-0 0  2125
2 29671  65.1036 278.7808 0018890 171.4263 231.2446  2.13102934    16
COSMOS 2433
1 32275C 07052A   19292.99979167  .00000000  00000-0  00000-0 0  2929
2 32275  65.9003  36.9736 0003806 225.1223 327.6912  2.13104245    15
COSMOS 2432
1 32276C 07052B   19292.99979167  .00000000  00000-0  00000-0 0  2920
2 32276  65.9126  37.0587 0008815 324.4548 179.1513  2.13103436    14
COSMOS 2434
1 32393C 07065A   19292.99979167 -.00000001  00000-0  00000-0 0  2926
2 32393  64.6712 274.7059 0001444 152.1736 288.0545  2.13102871    18
COSMOS 2436
1 32395C 07065C   19292.99979167 -.00000001  00000-0  00000-0 0  2928
2 32395  64.7286 275.2620 0015309 285.3957 200.9197  2.13101814    18
COSMOS 2456
1 36111C 09070A   19292.99979167  .00000000  00000-0  00000-0 0  2924
2 36111  64.2056 154.3572 0003010 344.2416 269.2570  2.13102959    16
COSMOS 2457
1 36112C 09070B   19292.99979167  .00000000  00000-0  00000-0 0  2925
2 36112  64.1878 154.2563 0006285 149.7896 228.1501  2.13101417    10
COSMOS 2458
1 36113C 09070C   19292.99979167  .00000000  00000-0  00000-0 0  2926
2 36113  64.8399 155.3434 0005969 220.3823 206.5332  2.13102582    15
COSMOS 2459
1 36400C 10007A   19292.99979167  .00000000  00000-0  00000-0 0  2927
2 36400  65.8055  35.9754 0023870 349.7797  58.0168  2.13101824    14
COSMOS 2461
1 36401C 10007B   19287.99979167 -.00000001  00000-0  00000-0 0  2878
2 36401  65.7968  36.1137 0006565  81.9703   0.5430  2.13102060    16
COSMOS 2460
1 36402C 10007C   19292.99979167  .00000000  00000-0  00000-0 0  2929
2 36402  65.7885  35.9084 0001843 178.3547 179.5619  2.13101257    17
COSMOS 2464
1 37139C 10041C   19292.99979167 -.00000001  00000-0  00000-0 0  2927
2 37139  64.2719 274.2659 0024627   5.8836 299.7157  2.13100527    12
COSMOS 2474
1 37829C 11055A   19236.99979167 -.00000005  00000-0  00000-0 0  2369
2 37829  64.5248 157.1723 0009014 248.2071  99.8279  2.13101892    16
COSMOS 2476
1 37867C 11064A   19292.99979167  .00000000  00000-0  00000-0 0  2929
2 37867  64.5066 155.3302 0017552 235.3190 280.1901  2.13102005    18
COSMOS 2477
1 37868C 11064B   19292.99979167  .00000000  00000-0  00000-0 0  2920
2 37868  64.5148 155.3840 0015195 236.2900  97.8495  2.13101636    17
COSMOS 2475
1 37869C 11064C   19292.99979167  .00000000  00000-0  00000-0 0  2921
2 37869  64.5222 155.3832 0018910 262.0599  29.2987  2.13101984    12
COSMOS 2485
1 39155C 13019A   19292.99979167  .00000000  00000-0  00000-0 0  2923
2 39155  64.6750 155.5467 0018217 230.2836 329.9149  2.13102064    16
COSMOS 2492
1 39620C 14012A   19292.99979167  .00000000  00000-0  00000-0 0  2924
2 39620  65.6783  35.7251 0012245 321.2856 273.9961  2.13103127    19
COSMOS 2500
1 40001C 14032A   19292.99979167  .00000000  00000-0  00000-0 0  2921
2 40001  65.6192  35.6585 0008031 200.2734 256.1424  2.13102321    18
COSMOS 2501
1 40315C 14075A   19292.99979167 -.00000001  00000-0  00000-0 0  2928
2 40315  63.9916 275.3009 0017305 212.2067  41.1397  2.13098500    15
COSMOS 2514
1 41330C 16008A   19292.99979167  .00000000  00000-0  00000-0 0  2922
2 41330  65.4216  35.5903 0011314 210.3370  68.0186  2.13102879    11
COSMOS 2516
1 41554C 16032A   19292.99979167 -.00000001  00000-0  00000-0 0  2929
2 41554  64.2142 275.3030 0014451 225.0673 303.8797  2.13101686    16
COSMOS 2522
1 42939C 17055A   19292.99979167 -.00000001  00000-0  00000-0 0  2923
2 42939  64.4466 275.4127 0009913 249.9232 145.5347  2.13101853    14
GPS BIIR-2
1 24876C 97035A   19297.69312500  .00000000  00000-0  00000-0 0  2976
2 24876  55.4532 193.4048 0037410  67.0278 349.3763  2.00564230    15
GPS BIIR-3
1 25933C 99055A   19297.69312500 -.00000000  00000-0  00000-0 0  2976
2 25933  52.1969  40.2316 0163158 112.6046 227.4734  2.00555323    11
GPS BIIR-4
1 26360C 00025A   19297.69312500 -.00000000  00000-0  00000-0 0  2970
2 26360  53.3993 119.0369 0048531 143.0879 248.1206  2.00568901    18
GPS BIIR-5
1 26407C 00040A   19297.69312500  .00000000  00000-0  00000-0 0  2978
2 26407  56.1705 311.4993 0193361 277.0010  83.1362  2.00559586    19
GPS BIIR-6
1 26605C 00071A   19297.69312500 -.00000000  00000-0  00000-0 0  2973
2 26605  55.0279 190.8008 0109606 249.7203  21.1989  2.00553742    13
GPS BIIR-8
1 27663C 03005A   19297.69312500  .00000000  00000-0  00000-0 0  2977
2 27663  56.2294 311.2775 0107370  32.0862  94.3932  2.00565484    14
GPS BIIR-9
1 27704C 03010A   19297.69312500 -.00000000  00000-0  00000-0 0  2970
2 27704  54.4578  62.7035 0247640 279.4265 167.2915  2.00567806    12
GPS BIIR-10
1 28129C 03058A   19297.69312500 -.00000000  00000-0  00000-0 0  2974
2 28129  53.2105 121.7974 0070757 286.6485 345.7928  2.00563176    15
GPS BIIR-11
1 28190C 04009A   19297.69312500 -.00000000  00000-0  00000-0 0  2979
2 28190  56.2788  12.0558 0090532  87.0929 191.1046  2.00566109    15
GPS BIIR-12
1 28361C 04023A   19297.69312500 -.00000000  00000-0  00000-0 0  2975
2 28361  54.0482 185.0350 0133984 233.1911 316.6437  2.00556026    12
GPS BIIR-13
1 28474C 04045A   19297.69312500 -.00000000  00000-0  00000-0 0  2974
2 28474  54.8109  62.5021 0195309 262.2646 289.5637  2.00576515    17
GPS BIIRM-1
1 28874C 05038A   19297.69312500 -.00000000  00000-0  00000-0 0  2971
2 28874  56.3947   9.4216 0135215 262.9541  33.8666  2.00573772    19
GPS BIIRM-2
1 29486C 06042A   19297.69312500  .00000000  00000-0  00000-0 0  2976
2 29486  54.9485 247.8540 0094706   1.3502 219.0348  2.00557985    12
GPS BIIRM-3
1 29601C 06052A   19297.69312500  .00000000  00000-0  00000-0 0  2976
2 29601  56.2121 310.1946 0072845  62.4393 200.4979  2.00576350    14
GPS BIIRM-4
1 32260C 07047A   19297.69312500 -.00000000  00000-0  00000-0 0  2977
2 32260  53.1719 180.6041 0117419  46.6058 348.1498  2.00573488    18
GPS BIIRM-5
1 32384C 07062A   19297.69312500 -.00000000  00000-0  00000-0 0  2971
2 32384  56.4830  10.0739 0009198 124.8017  41.0729  2.00563618    13
GPS BIIRM-6
1 32711C 08012A   19297.69312500  .00000000  00000-0  00000-0 0  2970
2 32711  54.6901 247.0136 0133402 221.8443 234.2104  2.00557044    15
GPS BIIRM-8
1 35752C 09043A   19297.69312500 -.00000000  00000-0  00000-0 0  2974
2 35752  54.4816 124.6425 0057577  44.5371  77.2064  2.00550114    16
GPS BIIF-1
1 36585C 10022A   19297.69312500  .00000000  00000-0  00000-0 0  2977
2 36585  55.4887 306.4016 0083077  49.9695 177.8782  2.00566860    17
GPS BIIF-2
1 37753C 11036A   19297.69312500 -.00000000  00000-0  00000-0 0  2972
2 37753  56.0098  66.6174 0089772  42.8494 274.0178  2.00566977    11
GPS BIIF-3
1 38833C 12053A   19297.69312500  .00000000  00000-0  00000-0 0  2971
2 38833  53.7279 243.0898 0087911  33.9252 289.9140  2.00563124    11
GPS BIIF-4
1 39166C 13023A   19297.69312500  .00000000  00000-0  00000-0 0  2979
2 39166  56.0697   6.1515 0071493  27.3821  40.3286  2.00565950    11
GPS BIIF-5
1 39533C 14008A   19297.69312500  .00000000  00000-0  00000-0 0  2971
2 39533  53.8537 248.4994 0042320 196.8276 229.3167  2.00555377    11
GPS BIIF-6
1 39741C 14026A   19297.69312500 -.00000000  00000-0  00000-0 0  2973
2 39741  55.9879  66.1436 0016823 288.5711 297.8079  2.00562615    17
GPS BIIF-7
1 40105C 14045A   19297.69312500 -.00000000  00000-0  00000-0 0  2970
2 40105  54.5749 185.4098 0013286  96.2854  65.5448  2.00575026    15
GPS BIIF-8
1 40294C 14068A   19297.69312500 -.00000000  00000-0  00000-0 0  2974
2 40294  55.2329 126.2990 0024395  40.6761 210.6542  2.00561803    19
GPS BIIF-9
1 40534C 15013A   19297.69312500  .00000000  00000-0  00000-0 0  2971
2 40534  54.4119 304.6069 0040479   3.6086 150.3636  2.00561439    12
GPS BIIF-10
1 40730C 15033A   19297.69312500  .00000000  00000-0  00000-0 0  2971
2 40730  55.5916   5.4326 0046358 343.5203  53.2421  2.00575344    11
GPS BIIF-11
1 41019C 15062A   19297.69312500 -.00000000  00000-0  00000-0 0  2975
2 41019  55.2324 126.1182 0050507 205.1916 157.4268  2.00564477    19
GPS BIIF-12
1 41328C 16007A   19297.69312500 -.00000000  00000-0  00000-0 0  2978
2 41328  54.8156 185.8339 0033768 218.4050  78.6820  2.00567281    16
GPS BIII-1
1 43873C 18109A   19297.69312500 -.00000000  00000-0  00000-0 0  2970
2 43873  54.9949 188.0646 0004671 306.2998 192.8729  2.00567539    11
ASTRA 1D
1 23331C 94070A   19294.57291667 -.00000165  00000-0  00000-0 0  2941
2 23331   8.7899  43.5655 0003956 169.5375 309.9009  1.00272309    17
ASTRA 1F
1 23842C 96021A   19295.08333333  .00000229  00000-0  00000-0 0  2951
2 23842   0.0789  78.9155 0004582 135.6468 250.0071  1.00269678    17
AMC-1
1 24315C 96054A   19295.08333333  .00000158  00000-0  00000-0 0  2954
2 24315   3.4012  80.3105 0003046 145.1700  63.8739  1.00270196    18
AMC-2
1 24713C 97002A   19295.08333333 -.00000117  00000-0  00000-0 0  2956
2 24713   5.9223  61.6060 0004894 158.6264 115.1725  1.00272308    12
AMC-3
1 24936C 97050A   19295.08333333 -.00000169  00000-0  00000-0 0  2953
2 24936   2.2505  87.5052 0003002 141.8409 118.9066  1.00272166    16
NSS-5
1 24957C 97053A   19295.08333333  .00000201  00000-0  00000-0 0  2955
2 24957   5.4963  65.0325 0003807 154.3534 251.3923  1.00270884    16
ASTRA 1G
1 25071C 97076A   19295.08333333  .00000112  00000-0  00000-0 0  2959
2 25071   4.1030  74.5583 0003639 138.8305 270.1405  1.00268763    19
ASTRA 2A
1 25462C 98050A   19295.08333333 -.00000214  00000-0  00000-0 0  2950
2 25462   1.0622  95.8284 0002535 114.8905 309.5219  1.00268469    17
ASTRA 1H
1 25785C 99033A   19295.01041667 -.00000018  00000-0  00000-0 0  2951
2 25785   5.4747  65.0882 0007322 108.3524 120.9279  0.98944605    18
AMC-4
1 25954C 99060A   19295.08333333  .00000178  00000-0  00000-0 0  2956
2 25954   0.0103 265.7932 0002646 307.7908  71.7749  1.00270841    16
ASTRA 2B
1 26494C 00054A   19295.08333333  .00000211  00000-0  00000-0 0  2959
2 26494   3.9995  75.2051 0004917 135.0766 229.5520  1.00270526    10
AMC-7
1 26495C 00054B   19295.08333333  .00000178  00000-0  00000-0 0  2952
2 26495   0.7587  94.8142 0003220 129.9626  60.4783  1.00271793    14
NSS-11
1 26554C 00059A   19295.08333333  .00000115  00000-0  00000-0 0  2954
2 26554   0.0514  82.7799 0003092 164.6667 348.7945  1.00276033    19
AMC-6
1 26580C 00067A   19295.08333333 -.00000126  00000-0  00000-0 0  2955
2 26580   0.0529  82.6267 0002469 135.4965 119.1447  1.00270961    18
ASTRA 2D
1 26638C 00081A   19295.08333333  .00000124  00000-0  00000-0 0  2952
2 26638   5.3173  65.9543 0001839 164.8951 194.5499  1.00270731    16
AMC-8
1 26639C 00081B   19295.08333333  .00000194  00000-0  00000-0 0  2950
2 26639   0.0969  93.7056 0002923 145.8945  41.6592  1.00271262    13
ASTRA 2C
1 26853C 01025A   19295.08333333  .00000227  00000-0  00000-0 0  2954
2 26853   2.2761  87.2485 0003006 120.7278 235.9553  1.00274825    16
ASTRA 3A
1 27400C 02015B   19294.57291667 -.00000187  00000-0  00000-0 0  2944
2 27400   5.4539  64.6580 0003078 152.1619 332.1849  1.00270335    15
NSS-7
1 27414C 02019A   19295.09375000 -.00000064  00000-0  00000-0 0  2950
2 27414   3.7091  78.2550 0002553 147.8966 177.8597  1.00272157    13
NSS-6
1 27603C 02057A   19295.08333333 -.00000107  00000-0  00000-0 0  2952
2 27603   0.0645 274.2456 0006552 302.3368 116.9039  1.00268767    15
AMC-11
1 28252C 04017A   19295.08333333  .00000159  00000-0  00000-0 0  2957
2 28252   0.0501  76.7562 0002671 143.0284  69.4664  1.00271048    17
AMC-15
1 28446C 04041A   19295.08333333  .00000001  00000-0  00000-0 0  2955
2 28446   0.0396  55.7112 0002834 173.3046  86.1872  1.00272103    15
AMC-16
1 28472C 04048A   19295.08333333 -.00000118  00000-0  00000-0 0  2951
2 28472   0.0467  77.3015 0002855 141.7674 116.2021  1.00270202    13
NSS-10
1 28526C 05003A   19295.09375000 -.00000160  00000-0  00000-0 0  2958
2 28526   0.4628  96.3205 0002856 123.7630 166.4907  1.00270638    14
ASTRA 1KR
1 29055C 06012A   19295.08333333  .00000210  00000-0  00000-0 0  2954
2 29055   0.0288 251.0050 0005313 334.1853 214.2828  1.00269144    18
AMC-18
1 29644C 06054B   19295.08333333  .00000194  00000-0  00000-0 0  2955
2 29644   0.0315 273.0856 0000759 247.2881 120.8908  1.00271089    17
ASTRA 1L
1 31306C 07016A   19295.08333333  .00000210  00000-0  00000-0 0  2951
2 31306   0.0431 306.0532 0004202 310.2628 183.1530  1.00269280    12
ASTRA 4A
1 32299C 07057A   19295.08333333  .00000122  00000-0  00000-0 0  2950
2 32299   0.0403  64.8713 0002940 152.3563 207.8404  1.00270890    16
AMC-21
1 33275C 08038B   19295.08333333  .00000083  00000-0  00000-0 0  2951
2 33275   0.0307  81.3082 0002944 146.7234  67.3234  1.00273091    19
ASTRA 1M
1 33436C 08057A   19295.08333333  .00000210  00000-0  00000-0 0  2953
2 33436   0.0250 140.4292 0004496  42.2742 256.7661  1.00272286    16
NSS-9
1 33749C 09008A   19295.08333333  .00000141  00000-0  00000-0 0  2950
2 33749   0.0378  50.0918 0002107 172.0371  21.2044  1.00271498    16
SES-7
1 34941C 09027A   19295.08333333 -.00000255  00000-0  00000-0 0  2953
2 34941   0.0843  97.0996 0002027 148.5965 282.8013  1.00274495    14
NSS-12
1 36032C 09058A   19295.08333333  .00000057  00000-0  00000-0 0  2959
2 36032   0.0115 312.9936 0002884 273.9934 250.2633  1.00271713    19
SES-1
1 36516C 10016A   19295.08333333 -.00000025  00000-0  00000-0 0  2958
2 36516   0.0369  55.9674 0002565 168.4402  94.8391  1.00272550    17
ASTRA 3B
1 36581C 10021A   19295.08333333  .00000227  00000-0  00000-0 0  2959
2 36581   0.0525 307.9452 0003434 266.4495 229.3546  1.00273064    12
SES-3
1 37748C 11035A   19295.08333333 -.00000012  00000-0  00000-0 0  2954
2 37748   0.0420  62.9028 0002252 171.4342  82.9359  1.00272102    19
ASTRA 1N
1 37775C 11041A   19295.08333333  .00000217  00000-0  00000-0 0  2957
2 37775   0.0388  43.9398 0000758 131.9931 263.5500  1.00269704    14
SES-2
1 37809C 11049A   19295.08333333 -.00000106  00000-0  00000-0 0  2951
2 37809   0.0136 286.3141 0002556 298.9706 107.9739  1.00272378    10
SES-4
1 38087C 12007A   19295.09375000 -.00000096  00000-0  00000-0 0  2951
2 38087   0.0336  38.4418 0002494 187.2591 176.3187  1.00271211    19
SES-5
1 38652C 12036A   19295.08333333  .00000124  00000-0  00000-0 0  2954
2 38652   0.0521  99.4162 0002089 118.3169 207.5156  1.00270016    17
ASTRA 2F
1 38778C 12051A   19295.08333333  .00000240  00000-0  00000-0 0  2959
2 38778   0.0716 236.3693 0004760 347.8803 224.1966  1.00274053    14
SES-6
1 39172C 13026A   19295.09375000 -.00000171  00000-0  00000-0 0  2953
2 39172   0.0340 299.5816 0002244 284.0756 159.8594  1.00272781    15
ASTRA 2E
1 39285C 13056A   19295.08333333  .00000240  00000-0  00000-0 0  2959
2 39285   0.0624 345.7615 0002290 235.5720 227.4386  1.00268976    11
SES-8
1 39460C 13071A   19295.08333333 -.00000180  00000-0  00000-0 0  2955
2 39460   0.0229 242.1683 0001334 301.3064 331.7757  1.00273091    18
ASTRA 5B
1 39617C 14011B   19295.08333333  .00000245  00000-0  00000-0 0  2955
2 39617   0.0810 294.6685 0003731 281.0674 236.0246  1.00269053    19
ASTRA 2G
1 40364C 14089A   19295.08333333  .00000218  00000-0  00000-0 0  2951
2 40364   0.0392  50.3912 0001051  23.0331  15.0338  1.00269837    19
SES-9
1 41380C 16013A   19295.08333333 -.00000255  00000-0  00000-0 0  2951
2 41380   0.0237 259.2518 0000837 251.5225  17.7850  1.00270855    19
SES-10
1 42432C 17017A   19295.08333333 -.00000179  00000-0  00000-0 0  2950
2 42432   0.0056 273.0796 0002817 310.4203 129.8678  1.00270152    13
SES-15
1 42709C 17026A   19295.08333333  .00000150  00000-0  00000-0 0  2955
2 42709   0.0083 269.7857 0000512 327.6609  53.6708  1.00270846    18
SES-11
1 42967C 17063A   19295.08333333  .00000000  00000-0  00000-0 0  2956
2 42967   0.0105 177.9248 0002762  42.4475  94.9441  1.00270338    13
SES-14
1 43175C 18012B   19295.08333333 -.00000188  00000-0  00000-0 0  2951
2 43175   0.0086 263.6908 0001087 327.3077 141.7628  1.00271098    13
ISS (ZARYA)
1 25544U 98067A   19305.70183606  .00016717  00000-0  10270-3 0  9174
2 25544  51.6428  39.4371 0006265 216.2934 143.7793 15.50257685 36581